[cosmological_parameters]
omch2 = 0.051 0.11570 0.255
ombh2 = 0.019 0.02233 0.026
h0 = 0.64 0.68980 0.82
n_s = 0.84 0.96900 1.1
S_8 = 0.5 0.77700 1.0
omega_k = 0.0
w = -1.0
wa = 0.0
mnu = 0.06

[halo_model_parameters]
logt_agn = 7.3 8.0 8.3

[intrinsic_alignment_parameters]
log10_m_piv = 13.5
f_r_1 = 0.158
f_r_2 = 0.198
f_r_3 = 0.206
f_r_4 = 0.258
f_r_5 = 0.207
f_r_6 = 0.026
uncorr_a = 14.7707 1.977069603580704893e+01 24.7707
uncorr_beta = 25.7487 3.074866003109325874e+01 35.7487
uncorr_log10_m_mean_1 = 39.3084 4.430836735636641777e+01 49.3084
uncorr_log10_m_mean_2 = -37.0614 -3.206136674281972887e+01 -27.0614
uncorr_log10_m_mean_3 = 138.921 1.439212386242852517e+02 148.921
uncorr_log10_m_mean_4 = -142.82 -1.378196728635030013e+02 -132.82
uncorr_log10_m_mean_5 = -207.851 -2.028513316870826202e+02 -197.851
uncorr_log10_m_mean_6 = 414.836 4.198363708097585913e+02 424.836

[nofz_shifts]
uncorr_bias_1 = -2.4626 2.5374 7.5374
uncorr_bias_2 = -7.44484 -2.44484 2.55516
uncorr_bias_3 = -6.37982 -1.37982 3.62018
uncorr_bias_4 = -5.49428 -0.494275 4.50572
uncorr_bias_5 = -3.59766 1.40234 6.40234
uncorr_bias_6 = 1.26323 6.26323 11.2632

