0.08429074 -0.00583287 0 0 0 0 0 0
-0.00583287 0.00114496 0 0 0 0 0 0
0 0 6.963448885959233614e-02 8.801498917240123399e-02 8.562619624783866790e-02 7.497369791593770649e-02 6.217846032589623845e-02 4.233280829928420808e-02
0 0 8.801498917240123399e-02 1.164869528071483251e-01 1.187158655662206713e-01 1.120778261135545600e-01 1.022218546175063941e-01 8.616068100331876478e-02
0 0 8.562619624783866790e-02 1.187158655662206713e-01 1.267268840199726188e-01 1.283404161237916841e-01 1.262818813613461877e-01 1.216830455172661224e-01
0 0 7.497369791593770649e-02 1.120778261135545600e-01 1.283404161237916841e-01 1.432087347215096063e-01 1.539051401820109022e-01 1.685673668258270141e-01
0 0 6.217846032589623845e-02 1.022218546175063941e-01 1.262818813613461877e-01 1.539051401820109022e-01 1.770501408989231251e-01 2.105089808082678815e-01
0 0 4.233280829928420808e-02 8.616068100331876478e-02 1.216830455172661224e-01 1.685673668258270141e-01 2.105089808082678815e-01 2.725851273915746442e-01